North west method returned: 
x = [[100.   0.   0.]
 [200. 100.   0.]
 [  0. 100. 200.]], 
J = [(0, 0), (1, 0), (1, 1), (2, 1), (2, 2)]

ITERATION #0

u[0] + v[0] = 8
u[1] + v[0] = 8
u[1] + v[1] = 4
u[2] + v[1] = 7
u[2] + v[2] = 5
[[1. 0. 0. 0. 0. 0.]
 [1. 0. 0. 1. 0. 0.]
 [0. 1. 0. 1. 0. 0.]
 [0. 1. 0. 0. 1. 0.]
 [0. 0. 1. 0. 1. 0.]
 [0. 0. 1. 0. 0. 1.]]
SOLVE:  [0. 0. 3. 8. 4. 2.]
[0. 0. 3.] [8. 4. 2.]
Max potential diff: 2.0
next: 2 0
[[3], [], [], [0, 4], [3, 7], [], [], [4, 8], [7]]
(2, 1) (1, 0)
v: 7, to: 3
path: [3, 4, 7]
Path: [3, 4, 7]

Path extended: [(2, 0), (1, 0), (1, 1), (2, 1)]
New path: [(2, 0), (1, 0), (1, 1), (2, 1)]

Odd positions: [(1, 0), (2, 1)]
Min odd pos value: 100.0
New x: [[100.   0.   0.]
 [100. 200.   0.]
 [100.   0. 200.]], new J: [(0, 0), (1, 0), (1, 1), (2, 2), (2, 0)]

ITERATION #1

u[0] + v[0] = 8
u[1] + v[0] = 8
u[1] + v[1] = 4
u[2] + v[2] = 5
u[2] + v[0] = 9
[[1. 0. 0. 0. 0. 0.]
 [1. 0. 0. 1. 0. 0.]
 [0. 1. 0. 1. 0. 0.]
 [0. 1. 0. 0. 1. 0.]
 [0. 0. 1. 0. 0. 1.]
 [0. 0. 1. 1. 0. 0.]]
SOLVE:  [0. 0. 1. 8. 4. 4.]
[0. 0. 1.] [8. 4. 4.]
Max potential diff: 3.0
next: 0 2
[[3], [], [], [0, 4, 6], [3], [], [3, 8], [], [6]]
(0, 0) (2, 2)
v: 0, to: 8
path: [8, 6, 3, 0]
Path: [8, 6, 3, 0]

Path extended: [(0, 2), (2, 2), (2, 0), (1, 0), (0, 0)]
New path: [(0, 2), (2, 2), (2, 0), (0, 0)]

Odd positions: [(2, 2), (0, 0)]
Min odd pos value: 100.0
New x: [[  0.   0. 100.]
 [100. 200.   0.]
 [200.   0. 100.]], new J: [(1, 0), (1, 1), (2, 2), (2, 0), (0, 2)]

ITERATION #2

u[1] + v[0] = 8
u[1] + v[1] = 4
u[2] + v[2] = 5
u[2] + v[0] = 9
u[0] + v[2] = 1
[[1. 0. 0. 0. 0. 0.]
 [0. 1. 0. 1. 0. 0.]
 [0. 1. 0. 0. 1. 0.]
 [0. 0. 1. 0. 0. 1.]
 [0. 0. 1. 1. 0. 0.]
 [1. 0. 0. 0. 0. 1.]]
SOLVE:  [0. 3. 4. 5. 1. 1.]
[0. 3. 4.] [5. 1. 1.]
Max potential diff: 1.0
next: 1 2
[[], [], [8], [4, 6], [3], [], [3, 8], [], [2, 6]]
(1, 1) (2, 2)
v: 4, to: 8
path: [8, 6, 3, 4]
Path: [8, 6, 3, 4]

Path extended: [(1, 2), (2, 2), (2, 0), (1, 0), (1, 1)]
New path: [(1, 2), (2, 2), (2, 0), (1, 0)]

Odd positions: [(2, 2), (1, 0)]
Min odd pos value: 100.0
New x: [[  0.   0. 100.]
 [  0. 200. 100.]
 [300.   0.   0.]], new J: [(1, 0), (1, 1), (2, 0), (0, 2), (1, 2)]

ITERATION #3

u[1] + v[0] = 8
u[1] + v[1] = 4
u[2] + v[0] = 9
u[0] + v[2] = 1
u[1] + v[2] = 3
[[1. 0. 0. 0. 0. 0.]
 [0. 1. 0. 1. 0. 0.]
 [0. 1. 0. 0. 1. 0.]
 [0. 0. 1. 1. 0. 0.]
 [1. 0. 0. 0. 0. 1.]
 [0. 1. 0. 0. 0. 1.]]
SOLVE:  [0. 2. 3. 6. 2. 1.]
[0. 2. 3.] [6. 2. 1.]
Max potential diff: -10000000000
Soluition found: 
x = [[  0.   0. 100.]
 [  0. 200. 100.]
 [300.   0.   0.]], 
J = [(1, 0), (1, 1), (2, 0), (0, 2), (1, 2)]
[[8, 4, 1], [8, 4, 3], [9, 7, 5]]
3900.0
==========================
